667
951
1236
1519
1814
2049
2407
2710
3002
3287
3564
3867
4175
4470
4769
5065
5351
5638
5923
6219
6531
6828
7110
7396
7674
7957
8250
8543
8842
9146
9436
9715
10002
10287
10595
10899
11196
11485
11785
12070
12354
12649
12954
13271
13566
13846
14135
14427
14715
15016
15315
15612
15904
16187
16469
16760
17063
17363
17661
17951
18231
18518
18800
19085
19393
19697
19994
20276
20559
20842
21136
21428
21733
22034
22325
22607
22885
23168
23458
23761
24057
24350
24630
24918
25202
25490
25784
26093
26391
26675
26956
27242
27541
27837
28137
28435
28731
29019
29298
29585
29877
30186
30491
30784
31069
31353
31640
31932
32228
32534
32841
33131
33408
33696
33985
34278
34579
34875
35173
35460
35741
36021
36314
36609
36920
37219
37504
37787
38076
38361
38656
38955
39256
39552
39830
40100
40387
40682
40974
41276
41571
41854
42121
42420
42702
43001
43312
43608
43897
44176
44460
44748
45034
45327
45632
45929
46208
46483
46764
47041
47339
47636
47924
48207
48490
48770
49044
49328
49622
49927
50218
50495
50776
51060
51344
51631
51926
52220
52510
52789
53067
53345
53636
53927
54224
54512
54789
55068
55348
55629
55912
56212
56506
56789
57059
57338
57620
57905
58196
58494
58792
59082
59359
59636
59924
60218
60520
60822
61110
61396
61684
61968
62252
62551
62856
63158
63443
63716
64003
64292
64586
64880
65179
65468
65754
66035
66312
66609
66796
67135
67438
67733
68012
68306
68599
68891
69195
69508
69801
70078
70361
70647
70946
71244
71544
71850
72142
72421
72708
73002
73306
73616
73916
74200
74488
74771
74990
75337
75637
75939
76238
76520
76790
77078
77371
77668
77958
78256
78544
78829
79104
79390
79693
79996
80295
80587
80873
81156
81444
81735
82035
82340
82641
82931
83214
83496
83799
84108
84412
84714
85014
85307
85584
85875
86176
86483
86785
87083
87369
87656
87946
88236
88535
88839
89140
89426
89708
89992
90291
90594
90889
91194
91485
91765
92051
92342
92638
92949
93251
93538
93828
94107
94399
94697
95000
95303
95611
95897
96175
96455
96751
97054
97353
97649
97941
98233
98513
98794
99088
99387
99584
99934
100223
100501
100786
101075
101365
101658
101946
102239
102521
102797
103078
103375
103674
103968
104266
104550
104835
105123
105411
105712
106020
106319
106605
106886
107163
107458
107755
108049
108347
108648
108930
109204
109490
109777
110081
110379
110678
110967
111248
111529
111815
112112
112409
112715
113005
113285
113566
113854
114146
114433
114720
115004
115285
115552
115819
116088
116374
116659
116943
117218
117498
117770
118048
118327
118612
118916
119220
119514
119796
120081
120380
120680
120995
121304
121609
121894
122174
122465
122755
123055
123364
123668
123941
124226
124512
124780
125064
125359
125653
125930
126208
126481
126751
127029
127318
127608
127897
128089
128427
128702
128963
129235
129524
129803
130061
130323
130572
130823
131078
131331
131589
131855
132127
132385
132633
132887
133136
133394
133667
133938
134201
134468
134742
134994
135248
135509
135785
136066
136355
136635
136904
137175
137453
137733
138013
138308
138603
138893
139168
139444
139724
140014
140306
140603
140886
141157
141428
141688
141947
142212
142484
142751
143015
143269
143519
143770
144030
144290
144562
144837
145116
145386
145651
145907
146174
146450
146741
147017
147295
147569
147837
148103
148368
148642
148921
149209
149493
149773
150034
150308
150580
150854
151127
151412
151704
151979
152241
152515
152786
153071
153367
153649
153927
154197
154475
154746
155014
155296
155593
155869
156137
156399
156652
156910
157173
157435
157700
157964
158237
158494
158734
158978
159230
159484
159742
160006
160264
160511
160759
161009
161258
161504
161769
162040
162313
162578
162840
163097
163367
163634
163904
164186
164465
164736
164996
165250
165503
165761
166037
166305
166575
166846
167116
167375
167646
167916
168195
168489
168789
169078
169354
169634
169911
170206
170499
170724
171079
171376
171656
171925
172204
172486
172780
173072
173356
173634
173911
174180
174456
174742
175028
175327
175613
175882
176149
176432
176703
176980
177253
177528
177801
178064
178321
178582
178846
179122
179392
179666
179931
180187
180448
180709
180968
181241
181528
181815
182089
182358
182628
182901
183185
183479
183783
184076
184366
184654
184938
185218
185515
185833
186142
186432
186722
187009
187295
187581
187876
188183
188485
188768
189047
189334
189629
189934
190233
190533
190825
191117
191400
191678
191981
192286
192580
192867
193151
193427
193707
193999
194285
194579
194872
195160
195431
195705
195983
196273
196565
196852
197137
197419
197689
197954
198229
198509
198796
199080
199358
199623
199899
200166
200439
200718
200997
201276
201549
201811
202071
202344
202619
202901
203187
203473
203746
204026
204304
204579
204859
205163
205463
205742
206021
206293
206571
206849
207134
207425
207729
208009
208282
208553
208827
209105
209397
209688
209977
210260
210538
210813
211090
211369
211659
211956
212233
212506
212782
213063
213331
213611
213899
214186
214470
214742
215010
215285
215567
215855
216145
216436
216714
216995
217273
217551
217829
218127
218421
218708
218977
219251
219533
219818
220103
220396
220695
220982
221257
221531
221808
222086
222380
222670
222956
223232
223512
223788
224051
224333
224626
224920
225200
225477
225748
226029
226301
226578
226867
227149
227431
227706
227980
228243
228521
228812
229099
229381
229664
229940
230219
230489
230765
231063
231362
231643
231918
232195
232464
232736
233020
233306
233593
233880
234155
234420
234689
234963
235254
235551
235832
236113
236395
236669
236932
237210
237500
237788
238075
238348
238615
238889
239162
239438
239722
240001
240271
240545
240814
241070
241323
241593
241860
242119
242378
242636
242884
243136
243392
243648
243913
244196
244466
244734
244989
245251
245520
245796
246070
246356
246652
246939
247206
247473
247746
248022
248304
248591
248882
249162
249438
249711
249993
250278
250562
250863
251165
251446
251715
251998
252290
252589
252872
253164
253460
253746
254014
254287
254589
254896
255175
255458
255743
256031
256300
256577
256865
257162
257444
257714
257970
258230
258483
258742
259009
259285
259545
259816
260081
260338
260590
260857
261137
261422
261695
261972
262246
262521
262793
263066
263355
263646
263935
264222
264503
264777
265067
265359
265656
265951
266243
266533
266820
267103
267380
267684
267983
268264
268549
268828
269107
269388
269674
269964
270261
270555
270826
271099
271375
271660
271957
272249
272537
272843
273128
273398
273680
273972
274269
274565
274857
275136
275408
275676
275953
276240
276521
276809
277107
277392
277654
277927
278216
278522
278819
279103
279387
279580
279922
280213
280516
280819
281114
281406
281686
281959
282237
282518
282806
283101
283394
283676
283948
284221
284495
284782
285077
285367
285657
285941
286214
286491
286768
287056
287357
287660
287949
288230
288511
288797
289081
289377
289671
289975
290262
290542
290818
291114
291411
291701
291995
292286
292571
292849
293127
293416
293717
294015
294300
294586
294861
295147
295426
295722
296018
296324
296616
296893
297174
297454
297743
298037
298339
298632
298925
299210
299488
299761
300056
300364
300667
300944
301215
301499
301786
302068
302352
302649
302952
303245
303507
303777
304070
304366
304643
304928
305215
305502
305713
306040
306341
306645
306947
307239
307518
307749
308067
308354
308629
308916
309221
309520
309784
310057
310337
310631
310919
311203
311492
311787
312066
312332
312610
312830
313198
313513
313812
314095
314377
314669
314956
315250
315546
315848
316140
316420
316697
316985
317270
317565
317789
318150
318442
318733
319016
319227
319591
319909
320210
320498
320790
321077
321376
321668
321972
322279
322577
322861
323142
323430
323735
324049
324345
324645
324934
325220
325499
325787
326093
326400
326702
326991
327281
327570
327863
328154
328456
328758
329061
329343
329624
329917
330221
330529
330824
331128
331416
331709
331993
332284
332593
332902
333204
333483
333772
334061
334352
334648
334948
335253
335548
335828
336104
336390
336684
336984
337286
337576
337867
338150
338436
338725
339029
339331
339639
339930
340210
340496
340784
341079
341384
341688
341978
342270
342551
342826
343120
343414
343710
343999
344284
344561
344847
345133
345420
345727
346022
346313
346601
346809
347152
347459
347764
348067
348371
348663
348939
349226
349507
349809
350117
350414
350697
350984
351270
351486
351825
352120
352420
352715
352991
353261
353552
353837
354133
354430
354722
355020
355307
355584
355862
356169
356468
356763
357050
357332
357615
357905
358190
358487
358793
359091
359369
359638
359907
360186
360475
360768
361056
361348
361630
361899
362167
362455
362737
363031
363323
363610
363882
364163
364451
364735
365027
365335
365644
365918
366196
366486
366782
367068
367368
367679
367964
368252
368536
368829
369114
369414
369719
370015
370284
370561
370847
371136
371410
371708
372011
372304
372562
372839
373128
373432
373717
374004
374308
374599
374859
375129
375417
375720
376002
376292
376580
376865
377085
377409
377704
378009
378313
378612
378890
379163
379444
379735
380028
380316
380615
380903
381177
381457
381729
382018
382313
382612
382900
383188
383462
383748
384032
384321
384619
384920
385210
385491
385773
386055
386353
386654
386945
387246
387537
387816
388089
388377
388676
388984
389282
389568
389864
390154
390439
390735
391044
391348
391645
391928
392208
392498
392785
393081
393382
393679
393962
394248
394524
394805
395101
395405
395702
395993
396273
396557
396850
397138
397340
397709
398012
398299
398573
398858
399144
399440
399734
400028
400326
400604
400882
401168
401457
401762
402065
402365
402650
402937
403220
403513
403809
404105
404408
404701
404984
405259
405548
405840
406135
406430
406720
407010
407292
407564
407853
408156
408456
408750
409034
409318
409602
409885
410181
410481
410786
411076
411357
411637
411920
412211
412516
412821
413114
413406
413697
413973
414254
414545
414852
415148
415435
415708
415999
416279
416560
416854
417156
417450
417733
418011
418288
418581
418870
419160
419458
419749
420026
420306
420588
420878
421177
421478
421770
421999
422325
422608
422823
423168
423466
423772
424068
424344
424620
424898
425192
425495
425793
426082
426385
426666
426943
427229
427528
427832
428133
428417
428703
428996
429280
429563
429871
430170
430475
430759
431039
431320
431620
431915
432213
432514
432803
433086
433369
433653
433846
434216
434517
434815
435100
435375
435663
435956
436154
436516
436824
437122
437405
437686
437969
438272
438575
438870
439162
439458
439744
440027
440317
440627
440938
441235
441523
441819
442113
442410
442628
442997
443309
443611
443893
444180
444478
444709
445065
445367
445663
445953
446231
446511
446804
447108
447406
447699
447984
448268
448553
448839
449142
449446
449752
450042
450330
450611
450900
451197
451505
451810
452105
452394
452682
452963
453254
453550
453856
454159
454448
454655
455001
455298
455592
455892
456194
456492
456776
457050
457337
457639
457942
458173
458528
458820
459108
459385
459668
459970
460279
460576
460862
461153
461438
461725
462019
462318
462625
462923
463202
463485
463769
464053
464365
464668
464964
465261
465543
465824
466109
466409
466712
467015
467312
467594
467882
468169
468464
468766
469070
469368
469665
469946
470235
470534
470841
471143
471448
471731
472023
472308
472593
472892
473206
473503
473796
474078
474367
474657
474947
475242
475552
475855
476141
476421
476710
477004
477312
477609
477903
478200
478485
478761
479044
479336
479638
479935
480222
480498
480784
481061
481345
481645
481945
482244
482529
482806
483076
483355
483639
483935
484225
484511
484790
485077
485356
485645
485944
486257
486561
486849
487133
487428
487723
488023
488325
488640
488936
489219
489501
489793
490095
490398
490700
490999
491291
491574
491854
492150
492449
492755
493050
493344
493628
493918
494204
494496
494794
495090
495374
495653
495929
496206
496504
496717
497079
497381
497669
497949
498235
498522
498816
499119
499422
499706
499992
500272
500553
500852
501150
501453
501750
502043
502321
502606
502893
503195
503501
503798
504085
504377
504659
504940
505232
505533
505834
506129
506402
506683
506974
507261
507557
507860
508164
508460
508748
509024
509324
509628
509928
510225
510525
510809
511097
511376
511664
511975
512282
512572
512856
513140
513428
513724
514019
514322
514633
514924
515199
515480
515767
516070
516376
516671
516975
517270
517558
517836
518131
518431
518738
519033
519312
519598
519887
520154
520467
520773
520986
521346
521632
521917
522213
522516
522819
523121
523421
523712
524003
524284
524582
524895
525203
525497
525785
526069
526360
526651
526945
527248
527553
527843
528123
528407
528694
528996
529297
529604
529901
530195
530476
530767
531062
531362
531672
531972
532262
532548
532832
533126
533420
533724
534017
534312
534596
534877
535165
535463
535772
536072
536369
536649
536935
537216
537510
537814
538119
538426
538712
538998
539283
539579
539878
540176
540476
540773
541056
541338
541621
541920
542231
542534
542830
543120
543412
543693
543988
544290
544594
544900
545186
545460
545746
546027
546311
546604
546812
547204
547486
547763
548037
548339
548637
548930
549222
549506
549789
550074
550353
550644
550957
551258
551537
551819
552101
552390
552684
552979
553287
553593
553881
554159
554443
554728
555031
555328
555618
555919
556208
556490
556770
557060
557365
557672
557966
558243
558531
558818
559107
559400
559700
560002
560300
560581
560851
561146
561440
561737
562024
562313
562596
562817
563146
563428
563736
564035
564324
564606
564887
565168
565457
565745
566045
566264
566620
566903
567189
567384
567725
568031
568331
568629
568923
569209
569486
569767
570063
570371
570672
570962
571250
571542
571835
572127
572432
572735
573045
573332
573612
573898
574197
574434
574790
575100
575391
575682
575963
576253
576555
576867
577167
577460
577745
578029
578315
578604
578906
579209
579452
579795
580078
580362
580652
580952
581250
581547
581838
582124
582399
582673
582924
583243
583543
583826
584102
584368
584639
584908
585180
585459
585735
586016
586280
586529
586776
587035
587304
587576
587847
588117
588381
588647
588910
589181
589458
589751
590045
590321
590592
590868
591148
591422
591711
592003
592293
592576
592858
593073
593392
593688
593995
594284
594567
594859
595131
595406
595694
595997
596282
596588
596884
597141
597406
597674
597930
598190
598463
598717
598973
599226
599473
599708
599957
600219
600488
600743
601015
601277
601542
601804
602068
602335
602614
602898
603183
603459
603726
603993
604281
604568
604849
605153
605463
605741
606012
606298
606592
606885
607183
607479
607770
608048
608313
608580
608858
609141
609430
609720
609992
610266
610549
610828
611113
611404
611700
611991
612268
612544
612824
613113
613404
613698
613988
614264
614544
614821
615094
615375
615681
615973
616254
616531
616807
617090
617371
617660
617954
618252
618533
618809
619086
619367
619657
619956
620254
620545
620830
621107
621383
621665
621948
622251
622546
622828
623093
623372
623643
623922
624195
624486
624770
625052
625314
625583
625858
626143
626432
626720
627004
627285
627559
627832
628107
628396
628693
628985
629175
629499
629766
630032
630294
630566
630841
631114
631382
631640
631903
632161
632419
632692
632963
633233
633503
633772
634033
634288
634550
634831
635112
635399
635689
635971
636243
636525
636816
637110
637404
637708
638002
638287
638565
638851
639145
639451
639749
640044
640333
640620
640905
641182
641484
641782
642070
642341
642619
642892
643169
643443
643726
644010
644291
644552
644812
645067
645325
645586
645868
646137
646398
646663
646921
647172
647419
647676
647939
648208
648481
648737
648983
649236
649489
649738
